#Input Size         Brute Force         Divide and Conquer  Kadane's Algorithm  
1                   0                   0                   0                   
101                 16                  9                   0                   
201                 56                  18                  0                   
301                 124                 26                  1                   
401                 219                 34                  1                   
501                 339                 45                  2                   
601                 526                 54                  2                   
701                 660                 61                  2                   
801                 856                 69                  3                   
901                 1082                77                  2                   
1001                1336                86                  3                   
1101                1959                120                 6                   
1201                1920                104                 4                   
1301                2253                111                 3                   
1401                2774                130                 4                   
1501                3925                163                 6                   
1601                3410                146                 5                   
1701                3848                156                 5                   
1801                5910                217                 7                   
1901                4793                174                 6                   
2001                5313                180                 5                   
2101                6778                193                 6                   
2201                6430                199                 7                   
2301                7371                204                 7                   
2401                7994                211                 7                   
2501                8698                229                 6                   
2601                9306                232                 7                   
2701                9726                244                 7                   
2801                10761               254                 8                   
2901                11383               271                 9                   
3001                11975               264                 8                   
3101                14066               553                 16                  
3201                13597               289                 9                   
3301                14790               308                 9                   
3401                15315               309                 9                   
3501                16466               320                 10                  
3601                17948               350                 10                  
3701                19201               337                 10                  
3801                19259               346                 10                  
3901                20462               358                 11                  
4001                26213               362                 11                  
4101                22462               378                 12                  
4201                24510               399                 12                  
4301                24430               394                 12                  
4401                25841               404                 12                  
4501                27138               416                 13                  
4601                32520               421                 13                  
4701                29381               415                 14                  
4801                31244               434                 12                  
4901                32439               441                 12                  
5001                33513               456                 13                  
5101                35122               453                 13                  
5201                35944               462                 14                  
5301                37284               474                 15                  
5401                40232               485                 14                  
5501                40403               491                 15                  
5601                44584               653                 18                  
5701                43302               554                 14                  
5801                45406               579                 15                  
5901                46389               525                 16                  
6001                48231               587                 16                  
6101                50038               535                 16                  
6201                55169               614                 17                  
6301                56736               576                 17                  
6401                59360               628                 17                  
6501                61135               593                 17                  
6601                62751               643                 18                  
6701                64491               630                 18                  
6801                62110               673                 17                  
6901                66315               638                 18                  
7001                67573               643                 18                  
7101                67599               639                 19                  
7201                69065               684                 19                  
7301                81103               691                 20                  
7401                73412               686                 19                  
7501                79494               708                 31                  
7601                78313               718                 19                  
7701                79348               768                 30                  
7801                81171               763                 20                  
7901                83514               780                 21                  
8001                85393               766                 20                  
8101                92553               796                 20                  
8201                89634               787                 20                  
8301                96319               834                 23                  
8401                97177               1037                26                  
8501                96592               827                 23                  
8601                98485               837                 24                  
8701                104289              799                 25                  
8801                106040              936                 27                  
8901                111578              827                 22                  
9001                107938              865                 23                  
9101                115133              842                 24                  
9201                112804              828                 25                  
9301                115171              837                 25                  
9401                118042              941                 25                  
9501                120333              900                 24                  
9601                122372              955                 26                  
9701                125994              950                 23                  
9801                130839              898                 24                  
9901                134234              913                 25                  
10001               140110              923                 27                  
10101               135498              922                 26                  
10201               138675              1004                24                  
10301               144871              927                 26                  
10401               143898              988                 28                  
10501               146633              957                 28                  
10601               147915              979                 27                  
10701               157247              985                 29                  
10801               157296              1127                28                  
10901               162268              1010                28                  
11001               159021              1086                28                  
11101               163876              1031                30                  
11201               171186              1025                29                  
11301               179457              1124                28                  
11401               173065              1050                28                  
11501               182729              1439                36                  
11601               181480              1102                32                  
11701               179986              1108                31                  
11801               192991              1135                29                  
11901               185090              1083                30                  
12001               190139              1150                30                  
12101               198080              1567                41                  
12201               214622              1095                32                  
12301               202594              1208                30                  
12401               204386              1123                31                  
12501               216436              1232                30                  
12601               210938              1171                31                  
12701               213337              1184                32                  
12801               218824              1200                32                  
12901               228354              1218                34                  
13001               241945              1617                43                  
13101               261588              1402                32                  
13201               262740              1343                35                  
13301               241523              1317                32                  
13401               268026              1282                36                  
13501               280375              1941                54                  
13601               263778              1367                33                  
13701               269676              1296                34                  
13801               292455              1375                36                  
13901               289477              1381                35                  
14001               291373              1318                34                  
14101               300326              1315                34                  
14201               313390              1466                39                  
14301               291305              1435                35                  
14401               284194              1354                36                  
14501               323944              1413                39                  
14601               288463              1384                35                  
14701               312845              2309                57                  
14801               302065              2288                52                  
14901               341555              1723                44                  
15001               334411              1444                39                  
15101               348731              1910                43                  
15201               326483              1859                46                  
15301               342644              1458                38                  
15401               316991              1460                38                  
15501               328470              1585                40                  
15601               350410              1780                44                  
15701               340977              1534                39                  
15801               338323              1582                39                  
15901               334214              1497                39                  
16001               353847              1737                62                  
16101               348932              1510                40                  
16201               356267              1522                40                  
16301               357453              1574                39                  
16401               363146              1556                40                  
16501               366410              1636                42                  
16601               376995              1670                44                  
16701               375275              1630                41                  
16801               384775              1678                40                  
16901               398569              1690                43                  
17001               393903              1621                43                  
17101               394191              1681                44                  
17201               391812              1679                45                  
17301               402220              1672                42                  
17401               396580              1677                41                  
17501               418306              1768                43                  
17601               410770              1762                44                  
17701               442608              1676                45                  
17801               472038              3247                68                  
17901               467540              2442                55                  
18001               461116              1694                45                  
18101               434101              1802                46                  
18201               449246              1719                44                  
18301               442223              1693                46                  
18401               466081              1842                46                  
18501               457390              1712                48                  
18601               475402              1753                46                  
18701               516716              1914                46                  
18801               515813              1770                47                  
18901               496583              1793                45                  
19001               478514              1927                45                  
19101               550138              1797                49                  
19201               550686              2089                62                  
19301               532101              1817                47                  
19401               509414              2091                101                 
19501               527945              1918                51                  
19601               530782              3671                75                  
19701               545410              1939                51                  
19801               535564              1852                47                  
19901               541541              1931                51                  
20001               563131              1931                50                  
20101               545392              2021                49                  
20201               571613              2102                50                  
20301               584702              1935                51                  
20401               573126              2007                50                  
20501               592803              2249                69                  
20601               601405              1929                51                  
20701               593594              2070                49                  
20801               597867              1990                52                  
20901               587089              2023                54                  
21001               610158              2089                58                  
21101               612813              1990                54                  
21201               619341              2120                51                  
21301               640641              2014                52                  
21401               623310              2121                50                  
21501               627445              2228                58                  
21601               657178              2058                52                  
21701               663466              2258                55                  
21801               686564              2338                53                  
21901               675707              2540                53                  
22001               684238              2186                53                  
22101               670260              2223                53                  
22201               669484              2222                54                  
22301               702346              2168                56                  
22401               684600              2643                126                 
22501               777784              2412                59                  
22601               743888              2333                55                  
22701               763810              2190                67                  
22801               727937              4178                87                  
22901               760539              2173                59                  
23001               738561              2413                58                  
23101               738876              2354                55                  
23201               796058              3043                91                  
23301               811240              2380                60                  
23401               819828              2275                59                  
23501               820993              2212                61                  
23601               884865              2330                71                  
23701               830479              2247                59                  
23801               765478              2242                61                  
23901               857363              3144                71                  
24001               885478              2451                104                 
24101               818631              2529                68                  
24201               842026              2382                59                  
24301               803372              2359                60                  
24401               802399              3652                125                 
24501               819804              2449                59                  
24601               869267              2485                58                  
24701               838089              2391                60                  
24801               871480              2436                68                  
24901               889430              2458                62                  
25001               891287              2604                73                  
25101               931798              2870                126                 
25201               997077              2630                68                  
25301               939398              2550                77                  
25401               928105              2526                64                  
25501               951380              2879                68                  
25601               973356              2531                67                  
25701               955221              2639                70                  
25801               1019066             5749                79                  
25901               1003111             2481                63                  
26001               988301              2639                62                  
26101               906105              2718                65                  
26201               909817              2719                66                  
26301               937922              2724                65                  
26401               990872              2752                67                  
26501               1105458             3068                162                 
26601               971947              2754                62                  
26701               958102              2652                64                  
26801               953702              2702                66                  
26901               976805              2769                65                  
27001               1061304             2716                67                  
27101               1017091             2752                66                  
27201               994799              2855                68                  
27301               1010419             2810                67                  
27401               1007548             2783                73                  
27501               1024338             2732                64                  
27601               1024346             2782                69                  
27701               1020202             2841                73                  
27801               1063363             2867                66                  
27901               1106280             3384                73                  
28001               1068762             2827                70                  
28101               1105402             3082                130                 
28201               1162477             2698                69                  
28301               1063633             2690                70                  
28401               1113003             2881                70                  
28501               1150028             2732                70                  
28601               1246193             3166                73                  
28701               1134452             2960                68                  
28801               1116906             2757                72                  
28901               1116640             2912                68                  
29001               1127868             3073                73                  
29101               1152879             2798                72                  
29201               1174014             2968                81                  
29301               1184235             2800                72                  
29401               1203194             3025                70                  
29501               1189020             4233                115                 
29601               1222396             2981                71                  
29701               1204122             3006                73                  
29801               1212025             2878                73                  
29901               1216668             3004                71                  
